7.792389
4.941248
3.07308
2.070643
1.672812
1.681733
2.006836
2.655617
3.72054
5.366113
7.774258
10.92215
14.03557
15.24021
13.15901
9.035263
5.115378
2.407162
.8224318
-.0472976
-.5607945
-.959608
-1.404194
-2.025899
-2.971657
-4.436725
-6.663732
-9.811272
-13.46207
-15.85322
-14.71721
-10.47188
-5.827469
-2.433331
-.3796229
.8040971
1.580375
2.279563
3.135808
4.346465
6.10189
8.531735
11.46055
13.95253
14.37285
12.03907
8.336709
5.022662
2.788628
1.526893
.9137521
.6819029
.6745043
.825794
1.135547
1.65739
2.5033
3.85978
5.994646
9.165512
13.1654
16.32393
15.78035
11.32353
6.055523
2.132654
-.2588466
-1.666346
-2.638488
-3.565815
-4.715382
-6.277754
-8.345155
-10.75455
-12.82001
-13.3981
-11.8822
-9.055
-6.248963
-4.21402
-3.04268
-2.558158
-2.580136
-3.017313
-3.877204
-5.247523
-7.245256
-9.864324
-12.62324
-14.24022
-13.37504
-10.33591
-6.828984
-4.103218
-2.416982
-1.544406
-1.200261
-1.191098
-1.430301
-1.919326
-2.735064
-4.029455
-6.022166
-8.910327
-12.49591
-15.42302
-15.3308
-11.72374
-7.005528
-3.263592
-.9132208
.43609
1.264177
1.929917
2.681901
3.718241
5.23176
7.399534
10.23057
13.15636
14.68012
13.39161
9.909195
6.192176
3.440511
1.782401
.9123033
.509983
.3612452
.352069
.4364628
.612285
.9112639
1.4021
2.205582
3.520135
5.64263
8.901063
13.20399
16.85316
16.4932
11.6237
5.818905
1.547307
-1.036162
-2.571605
-3.667452
-4.738913
-6.042816
-7.704877
-9.661375
-11.51468
-12.50249
-11.96645
-10.07519
-7.729745
-5.750672
-4.470732
-3.879377
-3.864574
-4.345908
-5.309681
-6.783302
-8.744806
-10.93395
-12.63786
-12.87775
-11.30644
-8.718655
-6.238632
-4.47143
-3.491604
-3.160492
-3.341866
-3.97883
-5.09752
-6.768812
-9.000282
-11.49265
-13.34767
-13.35448
-11.24458
-8.17132
-5.44356
-3.604557
-2.611877
-2.249081
-2.341879
-2.816869
-3.69946
-5.095301
-7.143784
-9.865691
-12.78331
-14.52819
-13.61516
-10.37202
-6.665131
-3.81682
-2.062744
-1.135321
-.7170356
-.5890925
-.6373273
-.8242616
-1.167766
-1.735502
-2.654571
-4.130719
-6.450101
-9.850307
-13.94986
-16.69807
-15.28403
-10.31336
-5.11233
-1.447746
.741523
2.053316
3.019481
4.007509
5.266419
6.960689
9.116191
11.42802
13.05421
12.95403
10.97049
8.147715
5.641224
3.949239
3.055994
2.78459
2.992723
3.630541
4.737798
6.409845
8.700405
11.37513
13.54426
13.81996
11.70366
8.390688
5.389406
3.343609
2.204969
1.716501
1.663106
1.935279
2.524301
3.508444
5.041251
7.309726
10.35398
13.57532
15.2495
13.71552
9.772837
5.710426
2.786925
1.040227
7.924366E-2
-.4723073
-.8738432
-1.295033
-1.867565
-2.731326
-4.069967
-6.121212
-9.087272
-12.73707
-15.61232
-15.29776
-11.47598
-6.697604
-2.991407
-.6881787
.6374108
1.471688
2.173308
2.992428
4.130975
5.780639
8.089176
10.95784
13.60795
14.46552
12.55665
8.969492
5.533298
3.125969
1.731267
1.038994
.7686883
.7488968
.904735
1.232464
1.786541
2.683002
4.113737
6.34585
9.603717
13.55797
16.36131
15.31837
10.70691
5.624749
1.942225
-.2800338
-1.591182
-2.5123
-3.411509
-4.545146
-6.105323
-8.199468
-10.69067
-12.90074
-13.61678
-12.11754
-9.180356
-6.232346
-4.085771
-2.837229
-2.290734
-2.245322
-2.592651
-3.326822
-4.529901
-6.340456
-8.852102
-11.82015
-14.18723
-14.28773
-11.6634
-7.890261
-4.658666
-2.535412
-1.354948
-.7850872
-.5657969
-.5472159
-.6654714
-.9161824
-1.342124
-2.036546
-3.159747
-4.95857
-7.738023
-11.59417
-15.54582
-16.78513
-13.45228
-7.923855
-3.246751
-.2466073
1.509644
2.635916
3.597249
4.70431
6.164214
8.078718
10.32634
12.34081
13.11975
11.99687
9.497166
6.820657
4.776975
3.55525
3.035035
3.056354
3.531081
4.462026
5.920253
7.973686
10.50147
12.86154
13.8014
12.43875
9.458768
6.368889
4.081277
2.726055
2.098304
1.976557
2.232266
2.841416
3.871663
5.463102
7.768699
10.74506
13.67146
14.86527
13.0547
9.263344
5.54019
2.909775
1.363865
.5505105
.1446945
-.0662421
-.2036756
-.3368099
-.5139486
-.784763
-1.219054
-1.928106
-3.092814
-4.992462
-7.978152
-12.15734
-16.33218
-17.20404
-13.06077
-7.030254
-2.249456
.7187656
2.461047
3.634951
4.703943
5.953301
7.526126
9.385835
11.19543
12.27224
11.96035
10.30301
8.083605
6.118802
4.796721
4.152143
4.092186
4.537558
5.466106
6.890924
8.773156
10.84678
12.43603
12.64831
11.17864
8.750824
6.401475
4.712581
3.777739
3.482783
3.708143
4.404519
5.59473
7.325426
9.538774
11.82489
13.23531
12.77478
10.51956
7.648653
5.242524
3.684705
2.903365
2.713323
2.983185
3.677718
4.849585
6.601522
8.977693
11.69221
13.75823
13.76592
11.39404
7.998541
5.050019
3.0929
2.025211
1.577904
1.539931
1.807831
2.376446
3.325258
4.809899
7.029387
10.06606
13.40852
15.37119
14.09204
10.15063
5.923345
2.82955
.9621813
-.0796869
-.6968409
-1.171263
-1.692642
-2.413716
-3.498748
-5.152806
-7.595432
-10.85384
-14.18189
-15.58551
-13.46559
-9.104882
-4.956516
-2.102473
-.425736
.5261897
1.147035
1.708093
2.402638
3.403532
4.903252
7.106013
10.08018
13.30695
15.16534
13.91794
10.12894
6.045491
3.037532
1.219298
.2202506
-.3379788
-.7193811
-1.093563
-1.585586
-2.321627
-3.466138
-5.244654
-7.906486
-11.46449
-14.96711
-16.02823
-13.14691
-8.254045
-3.978146
-1.172289
.4627055
1.451935
2.214045
3.039058
4.145744
5.72614
7.923264
10.65679
13.24073
14.24314
12.65432
9.324466
5.978156
3.561775
2.141433
1.449496
1.222953
1.302178
1.630273
2.234667
3.218569
4.760368
7.085967
10.29678
13.82698
15.78046
14.16202
9.826083
5.399285
2.257668
.3825165
-.6927386
-1.399616
-2.041493
-2.8347
-3.967587
-5.63507
-8.003805
-11.00052
-13.82882
-14.78054
-12.75249
-8.932445
-5.310216
-2.796561
-1.336777
-.5790702
-.2119599
-3.630304E-2
.0577367
.1276724
.2064937
.3203296
.5005494
.7951173
1.283565
2.099849
3.465394
5.718247
9.241092
13.91748
17.672
16.66021
10.9396
4.766195
.4620565
-2.083841
-3.616889
-4.758424
-5.898358
-7.236485
-8.794475
-10.36423
-11.47611
-11.59409
-10.56814
-8.843629
-7.095046
-5.780409
-5.051489
-4.888521
-5.233341
-6.047921
-7.304178
-8.911473
-10.58945
-11.78216
-11.86312
-10.67203
-8.744951
-6.844996
-5.450612
-4.691102
-4.520383
-4.866598
-5.693369
-6.989827
-8.696414
-10.56033
-11.9982
-12.25939
-11.05593
-8.945008
-6.814742
-5.230294
-4.335399
-4.063903
-4.322124
-5.06555
-6.299611
-8.019886
-10.07139
-11.94367
-12.76188
-11.89602
-9.708814
-7.235863
-5.270058
-4.060829
-3.542125
-3.582659
-4.103884
-5.104205
-6.630012
-8.683306
-11.01763
-12.87986
-13.17603
-11.48877
-8.698638
-6.047825
-4.174932
-3.131003
-2.745303
-2.858226
-3.39913
-4.391181
-5.925256
-8.084811
-10.7418
-13.18417
-14.03794
-12.4207
-9.198879
-5.994765
-3.688024
-2.34213
-1.710444
-1.552067
-1.727252
-2.200054
-3.023549
-4.33015
-6.311178
-9.110526
-12.45893
-15.03543
-14.78767
-11.42718
-7.096056
-3.638021
-1.456188
-.2269994
.4691004
.9455453
1.409655
2.014412
2.909886
4.281511
6.357095
9.305098
12.82839
15.44409
14.92707
11.17412
6.618235
3.107379
.9315063
-.3072461
-1.061044
-1.661519
-2.337159
-3.272403
-4.655659
-6.68596
-9.465401
-12.63083
-14.82382
-14.24636
-10.92502
-6.88605
-3.717554
-1.737719
-.6486894
-7.906073E-2
.2406756
.4759024
.7295379
1.082472
1.625995
2.490958
3.876773
6.064012
9.318897
13.40684
16.53896
15.76873
11.07949
5.735801
1.831154
-.5310794
-1.930887
-2.92293
-3.896086
-5.112216
-6.746203
-8.846263
-11.15978
-12.91254
-13.04849
-11.26143
-8.486569
-5.91734
-4.132065
-3.158192
-2.826984
-2.989202
-3.584755
-4.644304
-6.258232
-8.487549
-11.13498
-13.38123
-13.85824
-11.93833
-8.689071
-5.643206
-3.522801
-2.322788
-1.795435
-1.721297
-1.984411
-2.571043
-3.555847
-5.088752
-7.350965
-10.37291
-13.54871
-15.1753
-13.64142
-9.748334
-5.739561
-2.85173
-1.127098
-.1846122
.3436362
.7099705
1.076128
1.562831
2.294218
3.434241
5.209596
7.873778
11.44856
14.98933
16.08751
13.19921
8.265597
3.952161
1.122706
-.5272442
-1.529548
-2.307725
-3.155101
-4.292224
-5.909189
-8.13622
-10.85679
-13.32986
-14.12952
-12.38755
-9.061454
-5.817101
-3.510637
-2.173655
-1.541975
-1.367257
-1.505191
-1.913851
-2.637307
-3.797885
-5.587997
-8.205697
-11.57717
-14.70461
-15.44211
-12.66758
-8.178733
-4.26154
-1.679274
-.1887087
.6673768
1.256876
1.830213
2.571972
3.656554
5.282002
7.644576
10.74302
13.86164
15.19309
13.29564
9.265485
5.335916
2.583148
.9627472
7.867154E-2
-.4274389
-.7973573
-1.187992
-1.721689
-2.530252
-3.790215
-5.739058
-8.609388
-12.28394
-15.48887
-15.71676
-12.15176
-7.227955
-3.258829
-.7497157
.702195
1.610453
2.362335
3.22686
4.414488
6.112627
8.440896
11.23277
13.63359
14.14579
12.07075
8.598945
5.392659
3.186629
1.93545
1.35329
1.193848
1.318557
1.687592
2.342131
3.398332
5.046798
7.514275
10.85045
14.31413
15.81762
13.62793
9.090148
4.797609
1.861934
.1357026
-.8645607
-1.554065
-2.221141
-3.076401
-4.309749
-6.115461
-8.630813
-11.6684
-14.2165
-14.52918
-11.96595
-8.085941
-4.704261
-2.462136
-1.198928
-.5625651
-.2707713
-.1524078
-.1192265
-.1324268
-.1806436
-.2692997
-.4181814
-.6653351
-1.07747
-1.769003
-2.9324
-4.874099
-7.997886
-12.46879
-16.97286
-17.72337
-12.94168
-6.398392
-1.41315
1.615846
3.39163
4.607883
5.720755
6.975947
8.438376
9.963031
11.15837
11.51274
10.77682
9.248714
7.547937
6.175797
5.346303
5.076018
5.316167
6.024033
7.166004
8.659909
10.26516
11.4947
11.75637
10.81173
9.065233
7.226145
5.805858
4.984564
4.74648
5.027787
5.786877
7.002591
8.609278
10.36879
11.75042
12.06837
11.02664
9.088088
7.065974
5.522011
4.630147
4.350558
4.601786
5.339048
6.556433
8.226167
10.16273
11.84943
12.48559
11.5704
9.498805
7.21057
5.407477
4.314893
3.882121
4.000325
4.606348
5.700222
7.304639
9.351099
11.46982
12.83533
12.55788
10.61806
7.998442
5.710515
4.184642
3.410774
3.241752
3.563315
4.344547
5.628458
7.47654
9.823552
12.19606
13.527
12.79254
10.24355
7.222238
4.799731
3.279502
2.533031
2.351691
2.598027
3.236872
4.325592
5.986434
8.324862
11.18932
13.72789
14.36165
12.27434
8.677109
5.336978
3.036068
1.720808
1.082582
.8538619
.8764927
1.087956
1.498179
2.179715
3.273414
4.998544
7.619701
11.20853
14.91327
16.30963
13.57995
8.545957
4.047881
1.073417
-.668173
-1.730838
-2.560262
-3.464466
-4.6701
-6.359404
-8.624296
-11.25742
-13.41364
-13.75135
-11.74627
-8.51675
-5.545392
-3.499114
-2.354957
-1.869461
-1.833498
-2.14152
-2.78968
-3.86206
-5.513593
-7.908515
-10.99239
-13.96755
-15.0275
-12.94095
-8.948789
-5.173724
-2.565739
-1.046242
-.2320898
.2130269
.5106412
.7982727
1.175266
1.741939
2.632799
4.046079
6.251862
9.484405
13.44838
16.34615
15.43909
10.87399
5.747605
2.004437
-.2609321
-1.596055
-2.528587
-3.43222
-4.566106
-6.122625
-8.207517
-10.68208
-12.87189
-13.57866
-12.09322
-9.182848
-6.257536
-4.124473
-2.883759
-2.344078
-2.307922
-2.66943
-3.424703
-4.656854
-6.501534
-9.036918
-11.9779
-14.21924
-14.13732
-11.41964
-7.686889
-4.549425
-2.510114
-1.388784
-.861339
-.6803048
-.7077445
-.8919714
-1.244039
-1.829292
-2.774732
-4.285634
-6.641327
-10.05075
-14.06324
-16.58603
-14.98574
-10.05761
-5.014993
-1.486377
.6169347
1.875762
2.802549
3.753004
4.973898
6.641238
8.815325
11.24921
13.1269
13.29064
11.38725
8.439094
5.734941
3.870607
2.848554
2.472322
2.573123
3.078218
4.012262
5.475609
7.585093
10.29615
13.01583
14.34439
13.06512
9.797774
6.317973
3.728147
2.170504
1.382923
1.08325
1.089849
1.325179
1.79493
2.57639
3.820399
5.749912
8.586491
12.20997
15.3773
15.6448
12.18217
7.33559
3.396171
.8948117
-.5497658
-1.440695
-2.159996
-2.97265
-4.086315
-5.692885
-7.942161
-10.75631
-13.41788
-14.4132
-12.69825
-9.217862
-5.781179
-3.330087
-1.895552
-1.183623
-.9158368
-.920551
-1.125793
-1.536102
-2.221163
-3.319854
-5.048578
-7.665458
-11.22928
-14.87821
-16.22073
-13.50406
-8.534069
-4.093306
-1.153793
.5661433
1.609915
2.416057
3.288214
4.451577
6.09371
8.329471
11.00668
13.34576
13.96033
12.1241
8.853872
5.732518
3.537672
2.281862
1.712571
1.59964
1.816336
2.338484
3.230114
4.63328
6.739658
9.654685
12.97483
15.18741
14.36037
10.69703
6.461004
3.240393
1.259414
.1560759
-.4716183
-.9125185
-1.356354
-1.946038
-2.82679
-4.183174
-6.247639
-9.204387
-12.78673
-15.52221
-15.09777
-11.31343
-6.656096
-3.055811
-.821326
.4576019
1.248809
1.896536
2.639733
3.672064
5.186209
7.363382
10.22056
13.19267
14.75882
13.46358
9.927984
6.155995
3.368585
1.688889
.8006538
.3748038
.1896456
.1225294
.1147645
.1436459
.2067346
.3157274
.4971425
.7989154
1.304052
2.154128
3.584039
5.950778
9.642632
14.44814
17.98758
16.36471
10.26527
4.119411
-3.758676E-2
-2.473861
-3.957459
-5.091501
-6.240775
-7.575727
-9.080256
-10.50906
-11.39695
-11.2976
-10.18332
-8.530601
-6.9429
-5.798543
-5.21314
-5.165132
-5.605103
-6.496754
-7.794036
-9.360017
-10.85322
-11.7119
-11.44534
-10.09441
-8.252293
-6.575039
-5.421157
-4.866974
-4.865045
-5.358688
-6.318225
-7.711547
-9.411047
-11.0552
-12.01069
-11.705
-10.18723
-8.149197
-6.326513
-5.090751
-4.496193
-4.472385
-4.952136
-5.911133
-7.34107
-9.155723
-11.02737
-12.27828
-12.17386
-10.6258
-8.3745
-6.298547
-4.854927
-4.107242
-3.962078
-4.329637
-5.179473
-6.527882
-8.363822
-10.48604
-12.2904
-12.84361
-11.63511
-9.239348
-6.751632
-4.879769
-3.785131
-3.362774
-3.477396
-4.060676
-5.124455
-6.726225
-8.868
-11.27269
-13.11319
-13.24486
-11.33714
-8.410645
-5.734596
-3.892926
-2.887257
-2.524681
-2.640368
-3.164886
-4.125257
-5.62175
-7.763342
-10.47861
-13.12512
-14.28718
-12.85353
-9.560041
-6.153715
-3.655885
-2.170458
-1.433679
-1.174197
-1.222513
-1.512664
-2.06294
-2.966147
-4.390481
-6.563987
-9.645308
-13.25729
-15.72914
-14.79773
-10.70529
-6.082502
-2.648369
-.5557861
.6442754
1.411849
2.077954
2.875224
3.998002
5.639627
7.961205
10.89091
13.66775
14.65695
12.76163
9.065982
5.500674
2.99892
1.541104
.7960212
.4628336
.3513548
.3649962
.4689021
.6687906
1.003989
1.553249
2.452469
3.921522
6.276896
9.814122
14.201
17.22638
15.67957
10.24926
4.68327
.835026
-1.447534
-2.835649
-3.895397
-5.001234
-6.380273
-8.124746
-10.10994
-11.84651
-12.53099
-11.63861
-9.553403
-7.231453
-5.394409
-4.275377
-3.822407
-3.922794
-4.51037
-5.58487
-7.174015
-9.223851
-11.38848
-12.85261
-12.68197
-10.78426
-8.129759
-5.773978
-4.183863
-3.359578
-3.149521
-3.431362
-4.167517
-5.398971
-7.196515
-9.529021
-11.98857
-13.54659
-13.06884
-10.62118
-7.526358
-4.964465
-3.317693
-2.475895
-2.219471
-2.393162
-2.945041
-3.919105
-5.434044
-7.624874
-10.45421
-13.28596
-14.60015
-13.12319
-9.621179
-6.007057
-3.374121
-1.805669
-.9977045
-.6454136
-.550708
-.6150475
-.8104597
-1.160375
-1.736332
-2.669391
-4.170561
-6.532178
-9.990954
-14.1285
-16.80148
-15.19736
-10.09946
-4.891137
-1.264096
.8946257
2.19636
3.171992
4.185325
5.48031
7.209723
9.370618
11.60756
13.04747
12.72867
10.64594
7.8787
5.49736
3.925951
3.126828
2.93079
3.211117
3.932146
5.141785
6.927684
9.294994
11.88805
13.68163
13.40234
10.95747
7.708679
4.967884
3.181782
2.238233
1.893095
1.965254
2.379545
3.159176
4.411359
6.300844
8.947274
12.10061
14.58983
14.56174
11.60349
7.550105
4.188827
2.023034
.8125423
.1803414
-.1617145
-.3926383
-.6207319
-.9246582
-1.386164
-2.118363
-3.294655
-5.172102
-8.054348
-11.98507
-15.82181
-16.65618
-12.97155
-7.429423
-2.906681
-4.918259E-2
1.623487
2.716663
3.678964
4.809596
6.307768
8.262898
10.52441
12.47892
13.10774
11.82434
9.25598
6.607168
4.630964
3.474864
3.005833
3.066867
3.577342
4.547221
6.051594
8.153457
10.70549
13.01167
13.79222
12.25485
9.205333
6.149764
3.932533
2.639922
2.056091
1.963653
2.241482
2.872381
3.929727
5.557806
7.908204
10.91771
13.81246
14.86796
12.89542
9.043032
5.351938
2.778647
1.277431
.4888998
9.135804E-2
-.1239114
-.2769202
-.4387906
-.6635431
-1.011663
-1.571387
-2.483667
-3.972069
-6.355316
-9.923191
-14.31067
-17.24911
-15.56796
-10.09116
-4.562114
-.7633306
1.486223
2.858747
3.914982
5.02488
6.412476
8.166562
10.15594
11.88135
12.53501
11.60625
9.500786
7.179837
5.355407
4.251057
3.810789
3.921712
4.518959
5.603626
7.203752
9.262889
11.4277
12.87348
12.66901
10.74299
8.080442
5.732046
4.154117
3.340765
3.13899
3.427227
4.16923
5.407242
7.212721
9.55336
12.01596
13.56369
13.06281
10.59466
7.492914
4.934107
3.293233
2.45616
2.202193
2.37618
2.926533
3.897586
5.408659
7.596633
10.42889
13.27655
14.61869
13.16116
9.654911
6.023295
3.373395
1.792708
.9758524
.6153426
.5104852
.5600622
.7326866
1.046704
1.565692
2.408601
3.770649
5.935259
9.185984
13.33165
16.61566
15.97865
11.25582
5.787461
1.776762
-.6515988
-2.092196
-3.115194
-4.11831
-5.364224
-7.017111
-9.096008
-11.30216
-12.84485
-12.76562
-10.91397
-8.242476
-5.838165
-4.198802
-3.335117
-3.09343
-3.345572
-4.048611
-5.241056
-6.998517
-9.311658
-11.81933
-13.53095
-13.24807
-10.89557
-7.762255
-5.103422
-3.364302
-2.45268
-2.142872
-2.267257
-2.761825
-3.660322
-5.076001
-7.155923
-9.92539
-12.89319
-14.6426
-13.65291
-10.30606
-6.535939
-3.666945
-1.908829
-.9745559
-.5363098
-.3683277
-.3478252
-.4231967
-.5884846
-.8719598
-1.337943
-2.100698
-3.349147
-5.370126
-8.49906
-12.73261
-16.60228
-16.78415
-12.24934
-6.375858
-1.907571
.8273006
2.44143
3.56092
4.620732
5.892038
7.515111
9.451812
11.34592
12.46254
12.09536
10.31061
7.968009
5.927722
4.572185
3.914307
3.844458
4.276084
5.188826
6.608544
8.525072
10.71405
12.51286
12.93851
11.53432
8.996718
6.467579
4.617797
3.562394
3.172115
3.305279
3.895934
4.962702
6.574986
8.754864
11.24899
13.22417
13.45565
11.52536
8.482748
5.683495
3.751687
2.683573
2.26722
2.319955
2.758012
3.597647
4.937748
6.918098
9.582644
12.52376
14.45615
13.82292
10.73308
6.997475
4.045192
2.195572
1.204589
.7500021
.6025678
.6396874
.8183516
1.152691
1.707101
2.604812
4.04659
6.3145
9.654678
13.73989
16.62252
15.45005
10.5975
5.359068
1.616277
-.6302717
-1.969129
-2.938621
-3.913184
-5.14687
-6.810781
-8.94682
-11.28306
-13.01033
-13.05835
-11.17099
-8.344128
-5.774508
-4.011698
-3.061113
-2.74558
-2.915078
-3.51146
-4.568369
-6.181014
-8.419568
-11.10108
-13.41267
-13.95393
-12.04188
-8.743926
-5.637262
-3.47
-2.2374
-1.682915
-1.577841
-1.797826
-2.320532
-3.211224
-4.613071
-6.719579
-9.639848
-12.97522
-15.21038
-14.39385
-10.71756
-6.459992
-3.22266
-1.231058
-.1198726
.5162708
.9690307
1.430951
2.048467
2.971454
4.389383
6.534069
9.563135
13.11704
15.59192
14.77577
10.82039
6.262559
2.837028
.7390083
-.457362
-1.203053
-1.824135
-2.547494
-3.560679
-5.055833
-7.222035
-10.09922
-13.15741
-14.8683
-13.66601
-10.0924
-6.215426
-3.332809
-1.586789
-.6500745
-.1771584
6.899185E-2
.2269564
.3763711
.5721211
.869265
1.343848
2.115897
3.378298
5.421433
8.581298
12.83902
16.67541
16.74235
12.11792
6.242856
1.809361
-.8957754
-2.494667
-3.611056
-4.675861
-5.956424
-7.587815
-9.522559
-11.39143
-12.45547
-12.03179
-10.22197
-7.892678
-5.884439
-4.561658
-3.930874
-3.883477
-4.336102
-5.270722
-6.712244
-8.642419
-10.81772
-12.55385
-12.87989
-11.40097
-8.85662
-6.36915
-4.572196
-3.561896
-3.207109
-3.371137
-3.993845
-5.097661
-6.750268
-8.958607
-11.43073
-13.28811
-13.3345
-11.27956
-8.241219
-5.521893
-3.678149
-2.679412
-2.314815
-2.411913
-2.89792
-3.798523
-5.218354
-7.290463
-10.01518
-12.87517
-14.48341
-13.43781
-10.17343
-6.536046
-3.773018
-2.084852
-1.203678
-.8229468
-.7357589
-.8394849
-1.109992
-1.583728
-2.356098
-3.593544
-5.543084
-8.471188
-12.31509
-15.78614
-16.13308
