2
46
107
136
141
118
109
82
68
85
89
98
77
48
-1
-68
-102
-126
-140
-128
-119
-107
-115
-121
-103
-117
-92
-94
-28
-16
39
62
64
42
34
39
43
10
-9
-22
-78
-110
-116
-131
-149
-141
-145
-128
-160
-143
-140
-126
-98
-47
-13
20
68
125
156
166
177
184
151
169
124
112
108
113
143
164
126
94
19
-44
-102
-164
-170
-190
-158
-132
-83
-59
23
68
106
121
90
51
3
-21
-17
1
82
150
159
226
199
184
149
115
110
42
36
-10
-47
-27
-65
-58
-82
-95
-99
-120
-106
-134
-127
-126
-167
-176
-185
-160
-130
-90
-43
-10
51
98
166
236
294
336
363
357
373
321
296
223
177
113
66
27
-11
-25
-56
-89
-132
-155
-191
-201
-213
-177
-138
-91
-37
39
71
91
119
147
135
191
217
236
214
176
68
-30
-125
-197
-255
-291
-316
-337
-308
-324
-251
-219
-168
-146
-82
-37
-2
20
26
13
-4
20
8
-18
-51
-58
-81
-41
-9
33
42
57
58
12
-16
-37
-69
-54
-44
-6
-11
-11
-24
-30
-41
-27
-6
-37
-71
-105
-145
-150
-159
-146
-136
-121
-96
-67
-8
-12
40
34
17
10
-28
-48
-54
-43
9
57
93
108
112
98
107
102
74
42
17
6
11
10
30
30
42
47
39
6
-2
-4
-17
22
-1
35
44
52
75
80
99
116
144
99
88
4
-23
-104
-106
-124
-131
-103
-54
-27
6
51
74
44
67
6
13
47
23
64
41
29
48
57
78
123
113
110
94
65
37
34
11
49
20
42
41
69
51
27
20
-5
-18
-44
-36
-54
-35
0
20
48
90
115
127
106
107
72
53
20
14
20
1
4
20
12
47
58
77
79
75
76
93
82
104
103
99
106
100
102
57
37
4
3
3
-3
-26
-39
-49
-34
-33
-20
-22
6
-4
10
2
-3
-6
31
58
93
110
150
163
149
168
153
122
107
82
69
37
3
-20
-89
-107
-123
-106
-95
-66
-31
-14
21
37
58
53
27
40
29
25
44
26
17
-17
-17
-30
-21
-1
39
61
85
95
76
62
67
63
64
26
12
0
-17
-26
-40
-82
-103
-96
-122
-132
-160
-190
-191
-236
-249
-275
-299
-307
-280
-233
-233
-171
-119
-102
-49
-25
-12
-36
-8
-8
4
11
-34
-72
-119
-157
-169
-213
-208
-239
-219
-212
-212
-130
-81
-29
30
58
40
59
30
40
45
45
62
78
63
75
63
50
20
41
-13
-30
-48
-44
-84
-95
-102
-128
-122
-84
-12
8
58
69
114
117
157
171
196
195
250
234
244
196
170
135
77
57
50
20
27
58
59
81
67
72
53
32
52
34
2
-6
3
10
48
105
130
118
154
184
191
233
215
240
191
180
168
139
71
67
39
16
1
16
11
-30
-30
-86
-107
-136
-143
-116
-109
-57
-15
19
42
52
78
75
73
89
89
72
65
67
42
20
0
4
-12
10
3
9
-6
3
-11
1
-13
-16
-63
-65
-78
-69
-34
-27
19
-13
-13
-27
-24
-21
-16
-22
-37
-35
-43
-12
-27
-6
-3
-3
4
39
66
79
92
89
93
60
16
12
-37
-41
-62
-64
-78
-97
-150
-164
-226
-189
-166
-110
-91
-26
-24
3
16
26
22
-3
25
25
2
18
19
15
34
9
-15
-69
-59
-91
-106
-122
-104
-105
-98
-83
-65
-65
-54
-30
6
45
78
119
123
112
104
102
52
28
-29
-82
-162
-203
-223
-206
-156
-106
-67
-51
-63
-46
-65
-52
-17
-2
4
6
51
88
146
234
331
352
381
363
328
238
182
143
35
32
-2
-39
-86
-88
-92
-99
-129
-143
-141
-203
-204
-223
-229
-228
-193
-167
-126
-95
-37
34
58
113
121
154
109
109
77
69
56
82
68
49
44
37
13
-35
-57
-94
-137
-146
-133
-167
-137
-150
-109
-138
-103
-65
-61
-12
27
27
55
106
143
175
171
155
131
95
72
63
32
4
-23
-49
-125
-170
-201
-228
-244
-220
-218
-214
-212
-178
-181
-162
-120
-64
-59
-41
-51
-44
-20
-35
22
14
19
16
16
0
-19
3
0
10
8
42
64
63
76
40
-1
-13
-39
-56
-82
-79
-73
-58
-32
-26
-49
-30
-65
-34
-31
-29
33
32
49
60
65
51
62
100
106
120
113
125
103
129
109
133
129
134
149
120
51
4
-40
-85
-113
-116
-125
-123
-100
-99
-73
-32
-6
32
37
4
45
47
89
138
137
123
99
78
57
16
-5
-45
-93
-119
-135
-157
-172
-140
-159
-169
-178
-134
-136
-147
-112
-100
-50
-33
27
51
62
95
92
89
111
71
71
29
-1
-6
3
-44
0
-1
6
29
29
13
-20
-20
-23
-1
-1
12
27
30
34
32
35
20
-1
-29
-96
-130
-124
-145
-126
-87
-56
-22
25
46
75
65
106
113
119
99
65
55
17
45
63
34
10
-24
-6
-9
13
37
62
51
68
79
48
34
17
9
-3
-1
-17
-11
-37
-6
-37
-42
-59
-75
-56
-56
-21
17
23
56
95
105
113
157
160
167
164
165
118
48
30
-37
-67
-74
-41
-32
0
2
-3
-31
-14
-31
-6
-16
-36
-23
-29
-4
37
103
107
153
167
160
138
139
99
95
68
75
47
6
11
14
8
8
6
0
0
8
41
26
19
9
3
2
-4
15
-18
-26
-53
-84
-53
-81
-26
-6
8
44
47
47
31
29
42
-19
16
20
68
106
160
156
138
128
93
89
85
66
59
-3
-37
-59
-51
-19
-23
-14
-66
-68
-40
-14
-8
15
32
9
3
3
-6
-46
-30
-60
-19
-30
-3
-5
-14
-25
27
26
30
64
67
66
95
102
126
118
106
67
-9
-43
-79
-115
-147
-178
-165
-198
-208
-181
-181
-149
-116
-65
-29
22
54
85
61
77
75
60
39
48
34
73
92
126
130
83
89
44
-28
-57
-127
-150
-132
-130
-104
-115
-92
-87
-86
-85
-56
-28
4
45
99
126
140
171
180
147
121
113
74
51
0
-17
-105
-100
-171
-157
-198
-213
-221
-229
-234
-207
-143
-99
-71
-46
-48
-51
1
29
93
125
180
208
232
226
225
263
228
278
287
256
229
147
90
-22
-76
-121
-119
-93
-82
-75
-95
-122
-108
-125
-89
-47
-31
-34
-40
-41
-25
2
21
67
25
1
-44
-103
-167
-192
-178
-165
-124
-46
-61
-41
-34
-37
-44
-75
-68
-78
-65
-87
-15
-16
13
0
35
25
47
40
46
20
-8
3
3
0
-6
-13
-48
-47
-92
-81
-111
-92
-100
-52
-35
19
46
66
82
83
88
93
128
165
163
207
205
172
144
92
54
3
-1
-11
-27
-27
-2
-13
-13
-18
-37
-44
-27
-26
-26
3
0
21
37
13
-2
0
-8
3
-4
0
2
26
20
35
20
36
54
75
90
92
66
73
18
3
-23
-47
-44
-18
-17
-15
-12
-17
-20
-34
-41
-71
-64
-65
-15
-3
56
110
162
174
190
152
121
72
34
15
-9
-43
-36
-51
-47
-40
-49
-45
-44
-47
-68
-87
-89
-105
-92
-102
-96
-83
-52
3
30
62
80
114
94
88
57
24
34
6
51
65
43
73
77
73
98
99
94
35
29
6
3
-15
-14
-30
-47
-36
-90
-94
-128
-162
-176
-196
-206
-212
-216
-202
-188
-167
-105
-141
-92
-119
-152
-154
-120
-92
-41
18
28
50
53
36
60
61
79
42
44
36
55
73
78
61
68
50
51
89
52
27
0
-39
-61
-75
-81
-96
-109
-78
-67
-47
-27
-15
0
22
44
42
62
82
75
105
63
53
25
0
-9
-21
-41
-29
-58
-34
-19
-30
-21
-29
-27
0
33
61
83
61
95
74
64
72
20
30
-6
-36
-18
-97
-90
-142
-168
-178
-166
-143
-117
-89
-91
-89
-75
-78
-59
-17
-5
60
111
126
138
152
119
136
135
117
94
86
37
17
-17
-58
-136
-159
-214
-210
-208
-193
-147
-165
-98
-83
-43
-50
-24
-1
0
-9
-18
-46
-27
-35
-24
1
-1
2
15
-19
-51
-53
-78
-55
-47
6
44
90
109
116
106
73
59
52
34
43
28
18
-3
-3
-44
-19
2
10
54
44
26
36
45
51
81
79
103
96
124
122
119
100
96
105
111
109
130
98
111
56
40
-3
-13
6
-3
1
-13
-13
-37
-10
-27
-6
-22
-22
-26
2
29
43
58
61
51
37
34
17
-21
-16
-71
-71
-82
-106
-119
-117
-83
-46
10
54
82
82
122
96
97
64
84
44
75
74
105
75
55
48
-11
-65
-133
-167
-207
-178
-160
-139
-99
-39
-6
53
76
134
143
213
236
252
233
239
224
206
161
131
95
49
13
-22
-20
-52
-34
-71
-60
-89
-81
-105
-116
-125
-155
-147
-140
-109
-16
33
92
113
127
130
102
85
86
58
92
109
138
165
166
184
143
113
28
-11
-95
-90
-113
-114
-128
-123
-114
-123
-82
-59
-66
-68
-75
-77
-78
-42
-11
5
30
41
20
0
-6
8
5
15
30
16
-10
-5
0
-45
-61
-87
-107
-89
-52
5
13
24
56
34
-10
-23
-49
-51
-44
-47
3
24
42
112
118
105
107
93
71
48
5
-35
-73
-87
-58
-48
-43
-44
-46
-43
-27
-15
-9
-40
-53
-58
-57
-47
-2
18
27
27
44
37
14
3
-4
-13
1
11
19
-11
-19
-77
-118
-144
-192
-158
-188
-135
-125
-90
-119
-65
-75
-16
-3
11
30
-1
65
52
113
147
169
161
167
128
92
66
11
-10
-9
-11
-3
-28
-43
-90
-123
-159
-174
-194
-177
-185
-172
-126
-121
-99
-84
-76
-61
-53
-37
-11
13
13
56
82
66
73
69
22
0
-6
-24
0
-12
20
45
80
89
79
22
-21
-47
-83
-72
-75
-43
-41
-4
2
20
41
40
17
-37
-76
-114
-144
-154
-126
-85
-67
-25
6
-20
3
-10
13
34
43
112
75
93
104
145
161
205
212
191
134
71
-17
-110
-157
-171
-136
-98
-59
-16
-31
-35
-65
-43
-75
-37
-13
-6
47
105
136
184
194
185
211
188
170
172
133
107
58
14
-4
-33
-3
-27
-19
-25
-30
-5
-47
-46
-34
-59
-30
6
19
54
129
155
196
220
243
246
233
227
206
174
143
97
75
41
1
-11
-26
-40
-50
-67
-122
-121
-128
-125
-126
-96
-67
-32
-5
23
48
49
59
25
-17
-68
-63
-89
-68
-62
-33
-54
-44
-89
-77
-146
-123
-120
-103
-99
-66
-69
-78
-71
-37
-34
-32
3
-14
-20
-19
6
0
27
23
34
10
3
-22
-37
-40
-50
-11
3
