.5521191
.3346209
8.213038E-2
.300542
.3179326
.1971455
.3374059
.545642
6.509422E-2
.915903
.8092285
.9641784
.3664003
.5912802
.8907012
.6230922
.8231689
.8977606
.1658423
8.801671E-2
.4057333
.3488871
1.915664E-3
.7377474
.5874336
.4053449
7.930828E-2
.5886974
.2352617
.6532733
.1145811
.3764435
.7956992
.4236027
.4040692
.2902735
.2029915
1.901392E-2
.7265806
7.009468E-2
.1536276
.857857
.949959
.9623362
.8861206
.1183723
.4082658
.9199423
.8944495
.571155
.9497576
.3809944
.7007504
.4060164
.478541
.4008887
.754261
.3850175
.3288326
.4398896
.517205
.9487299
.8153734
.6126517
.7985476
.5186176
.715472
.3438528
.1955037
2.174407E-2
.3990053
.1117884
.8829652
.5144407
.7453225
.6504611
.6841562
.6702638
.1993278
.7048451
.2564941
.1955957
.6609816
1.069579E-2
.7211041
.2906413
.3106053
.788551
.5073428
.0519182
.1129907
.870794
.4803589
.5129058
.5954155
.8375156
.548561
.1103282
4.998425E-2
.8214539
5.020066E-2
.3352971
.1374366
.4351182
.983019
.9926633
.9786517
.1546759
.9968897
.5890632
.7912932
.5241659
.3949515
8.986603E-2
.6945708
.100327
.3918831
.7275576
.7303908
.9007309
6.771901E-2
.1353067
.6878092
.6825612
.2274032
3.662713E-2
.8279848
.5427569
.4136505
.7082745
.5410402
.7372863
9.131366E-3
.4865004
.8518233
.1713507
.1075619
.962648
.1123721
.5677094
.6486257
.3078546
.2626141
.888274
.3566501
.1268221
.8164858
.9217827
.391332
.8374161
.1379639
.407254
.9371734
.6113033
4.820888E-2
.7044377
.1801721
.8240749
.5658983
.9878481
.8694986
.5391976
.2561278
9.930224E-2
.2348277
.1508922
.7476224
.3853405
.5614467
.6547884
5.124526E-2
.8256221
.3932065
.8708967
4.129351E-2
.1613884
.1706003
.0998798
.661178
.6034527
.6582112
.872676
.2674548
.1035069
.2337606
.7461504
.7827156
.8279635
.4748127
.7194958
.7118557
.5448036
.694373
.3635525
.7653857
.4515324
.1901241
.7516747
.3907579
.8612841
.303485
.4492295
.2320221
.2058468
.3791912
2.064266E-2
.1153983
.1281387
.3996289
.6635546
.5925621
.6814902
.5361141
.4187491
.8049332
.7807476
.9778718
.8420805
.3706068
.8282272
.5027976
.3696566
2.951526E-2
.2208049
.8003595
.1401425
.1887921
.6808092
.4792905
.6580322
.7777377
.3927056
.8763263
.3311777
.8815207
.3118931
6.492696E-3
.4987971
.4210781
.7705081
.94595
.3751634
.7574278
.2882038
.4538234
.6298573
.5596135
.119658
.4697519
.8585575
.604243
.7263578
.8988143
.6492436
.6215799
.4048459
.2435271
6.474681E-2
.6369346
.660786
.5921508
.6385245
.6957583
.8938633
.7838695
.1446302
.3840482
.6485571
.3855452
.3847599
.4709162
.8570457
.4184496
.5824425
.7562127
.2106993
.1490159
2.320917E-2
.8721108
.1935815
.5873738
.7293341
.5064664
.4356489
.4688056
.9325804
.9549
3.117997E-2
.4630816
.6855026
.7277699
.6137776
.8895869
.7831895
.9728428
.8524305
.8579625
.6050977
.9545169
.5129102
.5607684
.1061281
.6755356
.3713607
.6061418
3.365098E-2
.8078336
.6022428
.6805113
.5491351
.2209484
.9682481
.567191
.6492418
.1508182
.9808921
.7132761
.9454174
.8118726
.5861706
.2864306
.8392537
.7774148
.8102307
.617617
.6146798
.702626
.2888296
.6873111
.5777141
.7952491
.4699236
.9309161
.4774865
.5932452
8.408824E-2
.3891512
.399131
.9222401
.2331062
.9155111
.2857838
.1308406
.9836656
.2931322
.4250908
.9646668
.5264094
.9518314
6.402689E-2
.1801956
.4989787
.7320468
.2364421
.6983469
.4983225
.3366019
.3598073
.6204098
.1350872
3.510295E-2
.2679714
5.886209E-2
.7855885
.7877616
2.951619E-2
.1365906
.9529796
.9187322
.2273124
.9829515
.365273
.1801751
.5435742
.2692735
.2307253
.6220642
6.683703E-2
.6643828
.4618049
.9013199
.4475007
.6990607
.4784892
.2459486
.2948717
.6751437
.3480554
.5683528
.1217386
.3959574
.8555533
.3204606
.903285
.3378826
3.099288E-2
.2673191
.3874397
.5794785
.2227091
.6002583
.4515122
.379666
.6376643
.6537374
1.648666E-2
.9054527
.5154207
.1135223
5.120863E-2
.5713454
.3125638
.4256988
.72048
.9094651
.209934
.926244
.1451913
9.772347E-2
.5280998
.7641452
.8544186
.9704995
.8511319
.7857445
.4494142
.4695556
.8755652
.3330949
.9975843
.8429005
.5131108
.1202675
9.574531E-2
.9351515
.6139185
.358225
.2920493
.0994698
.2724814
.4578964
.0496959
.6650646
.7012986
.5187287
.6244125
.5322806
.9830793
.1893021
.9985926
1.081807E-2
.9004912
.2314653
.9817888
.5914984
.3403287
.6325486
3.123641E-2
.403491
.1730545
.9703919
.9993806
.278965
9.960046E-2
.5154585
.5201821
.3194917
.4564002
5.270323E-2
.3016001
.9936519
.9057763
.6813298
.5545447
.166512
.3330494
.7671977
.7481303
.416832
.4467407
.6794004
.4614807
.84119
.6225353
.2957019
5.076788E-2
.8297192
.8386119
.0971
.7413794
.9515218
.7982897
.1323764
.2881269
.779817
.3712612
.6725876
.6174757
2.140434E-2
.4049197
.7420207
.1048948
.8089609
.5111137
.9128032
7.496418E-3
.5842074
.1796629
.4104301
.1056692
.9901106
.8958204
.796546
.1873071
.9276451
.7536808
.9112473
.2832572
.6457542
.7790044
.7217439
.5269544
.7231081
.2626983
.9115181
7.380792E-2
.5839822
.9480668
.5597024
.7427067
.1313742
.3854296
.8504317
.5549759
.7944558
.6467857
.4066179
.6718189
.2269956
.7375128
.1394874
.154797
.8056173
.5383117
.6571805
.8814009
.4395153
.9172288
.5847573
.4799031
.4964745
.2191515
.2265931
.3195712
.5166926
.8677123
.1107315
.8705009
.2872674
.7881858
.3614775
.3523237
.1416358
.8445954
1.990281E-2
.2920465
.2091747
.8637059
.6153684
.8246095
5.789714E-2
.3592304
.4505608
.787977
.8990673
.2215903
.6583422
.1590996
.5803531
7.330401E-2
.839722
.5755282
.8966938
.6956612
.2224545
.1022481
3.911608E-2
.2689504
.6828498
3.112957E-3
.3185848
.2996992
.8003556
.0675423
.3778261
.5641013
.5507044
.8288181
.1146954
.2474945
.6176668
.5340579
7.888071E-2
1.162981E-2
.7282388
.4965867
4.509164E-2
1.444516E-2
.8201113
.4573846
.3445275
.2837128
.1415159
.5684463
.3827685
1.962529E-2
.3868055
.7366754
8.367522E-2
7.362133E-2
.6313491
.243018
.281708
.9556249
.9152574
.257979
.1843424
7.958898E-2
.2489745
.6398955
.0438353
.2416202
.5069899
.8869392
.6647721
.388106
.8665885
.571529
.8816466
.9301069
.1624921
.8440065
.1850358
.6761618
.2022487
7.774662E-4
.7489959
.2135332
.5309582
.1808211
.7379929
.5165446
.3784415
.6480562
.189257
.5764406
.2368402
1.264707E-2
.4239793
.2983862
.7808174
.271825
.6255406
.2186688
.5940051
3.632701E-2
.892488
.7663485
.7665021
8.562798E-2
.3158445
.5629367
.8782974
.2602942
.4743834
.7769609
.2714877
.899321
.4750104
.34544
.0868942
.7458808
.1527316
.3737448
.7778794
.394008
9.350328E-2
.7877288
.689294
7.479223E-2
.1963339
.1491582
.4331476
.8041821
.6774032
2.346596E-2
.3350476
.4433505
.3542178
.7524622
.3247026
.3190055
.624307
4.425323E-3
4.601457E-2
.1886067
.1708615
.5597653
.828117
.3990123
.9299712
.4331517
.757508
6.566732E-2
.3949165
.7410596
.7021219
.8398473
.9245098
.7884874
.9296224
.628404
.6248459
.5506416
.5601854
.3262312
.7194887
.6033868
.3101846
.8552877
.2351418
.782233
.3234214
.9325233
.4117075
.3397726
.7691191
.9055473
.5610497
.3033565
.7420474
.3787114
.6318529
.9355907
.9599636
.7874874
.2570592
.7120992
.068005
.5518961
.8905218
.4777032
.3090177
.3851067
.4160827
4.436215E-2
.8792481
.7772824
3.753486E-2
.9234887
.112402
3.809641E-2
.3315206
.8852774
.3192531
.7179801
.9461618
.2304235
.9315517
.52973
.4403239
.5106584
.7898843
6.889773E-2
.1875433
.5715501
.7112595
.2463253
.9414743
.3360633
.8286112
.2701322
.5083311
.2653085
.2133312
.9864042
.6262146
.4265839
.7187657
.5822794
.5698534
.0376142
5.460515E-2
.3921984
.8016375
.3635869
.7357413
.4412154
.7292622
.6452502
.3966655
.5984679
.9572299
.945617
.9155486
.1886972
.6507554
.1934264
.3677343
.3444865
.2545466
.3191346
.999092
.1603859
.2274571
.3581123
.5545695
.5458326
.4505694
.4786443
.7293932
.4127747
.7763233
.4056689
5.486128E-2
.1611525
.8424666
.6052653
.1054931
.4385733
7.064264E-2
.8596238
.4231322
.8965936
.6306196
.4766247
.5162785
.3372457
.6761367
7.904847E-2
.1517256
.7736968
.7009788
9.435267E-2
.2375681
.6497302
.6374943
.8844455
.8111608
.7663231
.3506986
.6251144
.1702859
.6177174
.6541609
.4934617
.3732315
.3125278
.1187514
.957355
.7383416
.9124228
.9515305
.554072
1.626314E-2
1.030375E-2
.5994244
.5453129
.9497572
.6629494
.5243127
.1638605
.545706
.44757
.68989
.5348273
.2608516
.7104257
.6412413
.9909328
.388819
.212156
.1745801
.8050395
.9062058
.7116145
.4996994
.9849811
.3282649
8.627279E-2
.4094784
.7254825
.7072313
.1177094
.6557273
.3589098
.6649244
.1895811
.2696918
.4185325
.7776263
.8284469
.7920612
.1445926
.3587208
.5049415
.4305662
.6802676
.3383939
2.754417E-2
.631933
.2227468
.9008926
.9892861
2.921367E-2
.7969932
.5935923
.7259765
.7028177
2.173589E-2
.5301549
.5729384
2.956465E-2
.6465719
.9723341
.5993014
.4868499
.1321603
.7022651
.5129891
.8067248
.3131269
.9359457
1.173018E-2
.8985115
.6944119
.4226853
.4844728
.9180375
4.770381E-2
4.809736E-2
.7639089
.1450063
.6539637
.1698288
.1121944
.5932121
.6926733
.9525548
.2651793
.5250739
.8624513
6.545964E-2
.1629442
.9799967
.2034703
.3960612
.9183391
.3412191
.9516641
.2792804
.4372865
.9911796
.9816333
.4068947
.941119
.6041618
.4398573
.9185056
.409335
.8010758
.4721151
.1767118
.6719942
.4804806
7.299639E-2
4.741734E-2
.9340233
4.523341E-2
.6775543
3.729878E-2
.6974508
2.567503E-2
8.957072E-2
.6577703
.6548185
9.506029E-2
.5798128
.3121959
.6454858
.2567989
.7077572
.5820551
.4464945
.3466169
.2767495
.8476428
.4632359
.6906169
.9449189
.3550836
.2387398
.6732205
.3978223
.8848362
.9643332
.3182812
.216242
.4005922
.1866301
7.519086E-2
.5032502
.9786278
.2001587
.2935491
.6853776
9.50673E-3
.5338892
.9855079
.8296439
.1989741
.2803166
.4340819
.8663419
.6974906
.1496532
.8256823
.5268757
.8762036
.185495
.6198597
.8480711
.9582852
.1473982
.9885837
.5316572
.8510033
.1052751
.9103073
.4866478
.7771541
.3276865
.5481208
.7737134
.3676462
.9143122
.7794721
.3343163
.3504422
.2803127
.0877495
4.612654E-2
8.476719E-3
.9055861
.5819123
.8903882
.9143171
.1119986
.71368
1.992823E-2
.7999934
.1127533
.3258608
.2173178
.883137
.33462
.3795514
.1053917
.1877334
3.397036E-3
.9242497
.8658956
7.773412E-2
.6307844
.9752405
.1999061
.8301813
.2824436
.3135765
.5122387
.2371777
.8711232
.9745845
.2577154
.699384
.9680677
.5399745
.6454092
.1337738
.1180786
.0981474
3.852497E-2
.8816451
.749399
.7541326
.6736007
.5360299
.5145971
.3546464
.1002104
.4652629
.2689075
.3214038
.5829303
.5399286
.1230155
.572929
.7290561
.5286044
.8232003
.8026197
.3626774
.9629419
.3008045
.1739067
.9365554
.8138619
.76304
.543795
.4210338
.3712053
.5976275
.7485005
.6109893
.3427866
.3086546
.9867967
.6915575
4.032936E-2
.9305961
.2309617
.6603636
.8268625
.228411
.2668963
.7666435
.8264806
.9086529
.9647076
.6811591
.6535057
.9771084
.8284693
.1331674
.177365
.2949871
.6767481
.5144578
.1777386
.7480003
.2636487
.4627721
.7791329
.5768102
2.737262E-3
.5545787
1.173963E-2
.5080947
.2147761
.8580706
7.367587E-3
.7519164
.5552775
.1291254
.4509627
.6859356
5.917133E-2
.3382661
.7631651
.6220453
6.915694E-2
4.036964E-2
.4535012
.9453514
.2227383
.6285698
8.179718E-2
4.491474E-2
1.923064E-2
.8160596
.9725978
9.201919E-2
.3752096
8.697128E-2
.5966836
.6923501
.1555807
.8706619
.112452
.6558923
.7443377
.6917022
.8481531
4.203354E-2
.4701404
.7543843
.6030098
.6109714
.8834302
.6382492
.970061
.7455167
2.095246E-2
.6758651
1.566761E-2
.808475
.3144321
.6515759
.1290411
.3075196
6.917291E-2
.9781771
.8271558
.648418
.0208173
.314684
.352345
.1655334
.5236502
.2214797
.2251797
9.005205E-2
.112195
.7748288
.3934317
.4714574
.789428
6.662057E-2
.4259156
.9604043
.9221509
.4810483
.188824
7.449194E-2
.5417508
.5683379
.480789
.5979137
.5114793
.6273626
.442913
.2120716
.9870936
.3705015
.1240717
.8369845
.167636
.9261757
.9272279
.7938311
.4615051
.2638588
.3162075
9.695759E-2
.6866986
.1557121
.9486388
.9825085
.2707283
.3867872
.5750545
.2781671
.4260624
2.470402E-2
.5579731
.7977749
.9749402
.2175514
.3647629
.7936668
.7620119
.4978232
.6920355
.8832479
.1165315
.6477829
.8747267
.4341576
.7620014
.3206578
1.76073E-3
.9863042
.8175864
.5756178
.8975558
4.465012E-2
.7920353
.5759658
.6062899
.6796558
.5089291
.481751
.5218124
.957412
.9400018
.7086258
.8307757
3.916058E-2
.1232815
.2217167
.1234017
.262794
.4188614
.6878042
.2982952
3.632627E-2
9.408584E-2
.5486466
6.108894E-2
.7668689
.7790253
.704681
.7798518
.2173853
.2426433
.5361301
.6858788
.3018737
.6331033
.6102157
.4972392
.1611911
9.042947E-3
.3079484
5.052961E-2
.4827816
.2235124
.3957222
.654674
.7504354
.6128539
.8427372
.0895376
5.522636E-2
.4757586
.3006142
.3080344
.8054376
.9467498
.6324011
.2097739
.6101617
.5872145
.3696656
.3312166
.8166136
.8915328
.7001328
.3184447
.2268807
.2286684
.9787089
.929176
.7903935
.5131472
.9940618
.2781905
.7205487
.9012178
.3465003
.5508832
.4127176
1.977287E-2
.5179906
.9144101
.4113631
.3322223
.140216
.1539644
.9852326
.5871833
.6999564
.8679157
.3095948
.8244948
.329668
.9535035
.6444186
.8049613
.7430612
.7283602
.1099115
.8903659
.9071798
.8333557
.8443643
.9277832
.6510389
.8444264
.6471413
.3055579
.9535505
.953499
.7205519
.3988964
.9668189
.7115373
.5051094
.1495304
.3119102
.2801973
.2584324
.7437562
.3597216
.537592
.510994
.7752649
.7722031
.798085
.3462848
.5658529
7.273922E-2
.5451968
.7197636
3.878066E-2
1.812986E-2
.1633154
8.78677E-3
.9219574
.6397688
.6379947
.1607134
.2744785
.897593
.4585803
.5687772
.9025902
.3271246
.619903
.3533911
.280235
.2081549
1.744107E-2
.7908514
.4376228
.8432605
.7690064
.3659432
.3298685
.9911228
.6683461
.7602993
1.109716E-2
.955567
.5581682
.5904939
9.796526E-2
.7506807
.2054073
4.355603E-2
.191861
.2960323
.3215571
4.363671E-3
.5459919
.5558178
9.088146E-2
.5828806
.4459984
.6165949
.6658476
.9549446
.8321628
.9272209
.7398051
.4697831
.6963566
.1428061
.2315141
.7589599
3.309109E-2
.5957285
.4827422
.2135829
.7487465
.4036132
.2788494
.56791
4.654459E-2
.1775078
.4262148
.5539033
.4960688
.1617916
.7939503
.3067067
.4377221
.9454907
.4504005
.9254555
.7702729
.3653537
.4852376
.5323309
.7635809
.1074883
.7824906
.401117
.2339652
.7003059
.8858323
7.346342E-2
.3135785
.9728788
.4106744
.4482369
.965178
.7843039
.9914672
.6253297
4.183754E-2
.785516
6.618085E-2
.41769
.936302
.8115971
.8013608
.4471
.494889
.9597241
.2422108
.9101053
.7959018
.1143547
.319141
.5488553
.5286187
6.715327E-3
.355468
.3016413
.1967553
.8038897
.3320071
.7607557
.9450182
.4243299
.7355269
.9784493
.3841307
.5757507
.9281321
.2370875
.7478971
.8356748
.4873494
.237029
.580808
3.195496E-2
8.790144E-2
.2228999
.3947997
.6493353
.3036999
.7918527
.7698182
6.401153E-2
.7581379
.2069617
.8305153
.1471034
.5805858
.7602921
6.078864E-2
.8234224
.817591
3.294648E-2
.1147278
.8382902
.3747984
.3790016
.9649804
.9918671
.8492923
.6010374
.688159
.3715542
2.145304E-2
.4815163
.2179663
.9610782
.7279854
.2006721
.1028331
.0544368
.1347186
4.815022E-2
.8361968
.4497399
.1480245
.7319689
.2657484
.4981979
.89512
.6576534
.4120052
.4672221
.7503307
.556748
.6139561
.7143427
.1670039
.3451491
.2380398
.486539
.660371
.8155853
.6103376
.9020593
.808035
.7365447
8.373734E-2
.1131299
.5387586
.4980444
.4297196
9.283311E-2
.5999345
.4760325
.7909703
.7167628
.8627641
.6759062
.994333
.3499471
.6149274
7.165465E-2
.3493565
.9300674
.5220924
.3074304
.4175115
.4379066
4.959844E-2
1.703333E-2
.4504223
.4838993
.6140205
.3739511
.6167979
.7928776
.8916595
2.676243E-2
.2788683
.9560435
.568152
.2935045
2.144387E-2
.1592255
.251527
.3295977
.8611706
.5869674
.7566259
.4074098
.8336216
.6711099
.5112904
.762908
.5029112
.4387426
.3645487
.8599505
.1533078
.8383473
.7430642
.7594203
.0894205
.3835441
.7743356
.3947269
.7745132
.9658955
.2862107
.1013976
.1067946
.5330359
.8563638
.3916171
.659719
6.158499E-2
.1090522
.9393787
.6764461
.592922
.0312769
.6739014
6.042114E-2
.6041884
.6913491
.576488
.3068114
.3235611
.5445092
.9158518
.975723
.6210875
.1001948
.6503309
.241529
.1059749
.1909705
.484245
.7558608
7.336767E-2
.9541551
.9131452
.249932
.7568625
.1814461
.1130982
7.755278E-2
.2507393
.1288828
.5344687
.3367655
.2327276
.6682956
.4687434
4.915879E-2
.5443837
.390445
.3675586
.5965387
.2473502
.7030198
.2896461
.936839
.1568108
.7992112
.6851013
.8063347
.9299685
.4148052
.9746854
.1466849
.3399963
.3334405
.8549916
.2553358
.8376805
.1990986
.538438
.8660058
.1117937
5.607288E-2
.7904054
.9778347
.3153444
.1098646
.5508794
5.039904E-3
.2335526
.3641981
.8721763
.3391975
.4765451
.6979273
.2627658
.6722164
.2273178
.5423695
.3044877
.6912746
7.218259E-2
.0751337
.9168345
.8746905
.7066812
.5906011
.4323177
.5776019
6.318834E-3
.2849019
.4291061
.2811097
.527605
4.248958E-2
.2969089
.4932488
.4952833
.2267323
.7498972
.7595983
.2884114
.1258435
4.156925E-2
1.593556E-2
1.236704E-2
.5843644
.1236816
.8504888
.9522456
.4643212
.7079708
.4377168
.868353
.9299195
.1221914
.2317395
.1423422
6.072417E-2
4.240962E-2
.1644004
.3729305
.3857866
.6312034
.8847375
.6375545
.1455493
.4926655
.4658693
.6669106
.6502826
.5190951
.2309826
.65242
.2109319
.5065496
.524681
.3302533
.2724146
.7339061
.436856
.3461505
.8681549
.6454716
.6714951
.7888549
.9588211
.6822821
.2991133
8.057647E-2
.8981381
.7858215
.7200972
.9305894
.4885175
.9170924
.4245173
.8833516
.5120077
.5150706
.9711285
.5604581
.2864915
.4561219
.1353334
.7710156
.1205086
.6326036
.833865
.8338439
.7061835
.4311774
.8910528
.7844843
.4190411
.4972656
.6369759
.1841023
.8090833
.4455655
.3443931
.9974186
.4122748
.4768754
.4532701
.9593967
.1505337
.1256763
.2088108
.2961083
.3960084
.9920351
.217155
.8039109
.8236104
.2900746
.4905887
.3243998
.2773058
.3638261
.1671603
.3766445
.3950731
.640722
.3509824
.3993799
.4082521
.7448286
.9856136
.5210846
.4670589
.315417
.3453677
.8706788
.974453
.3711531
.9435707
.8518518
.3028414
.7619271
.4900681
.5409366
.1273657
.4775638
.3677961
.2971397
.2044504
.608019
.2066337
.2677121
.1922686
.9702992
4.947333E-2
.6779433
.6934577
.9365789
.8527018
.365021
.6248344
.4311708
.3646947
.1099318
.1760938
.4014733
.3768066
.3505073
.257834
4.639935E-2
.8716676
.9156226
.9966469
.4258456
.4963155
.6873685
.8682725
2.058018E-2
.6931295
.1755582
.2483756
.469946
.468766
.2529233
.3356102
.2014008
.8000498
.1823883
.2488991
.2497214
.2989678
.8573468
.8840418
.1940897
3.092474E-2
.6851682
.3985538
.7374483
.7126288
.8805321
.4361324
.9542246
.3393094
.7936975
.4832764
.4142697
.3007047
.366671
.1935683
.4711119
.2063434
.3628174
.2852626
.6745424
8.396837E-2
.6885284
.9341943
.6694159
3.740921E-2
.813963
.2561566
.8321357
.7389043
.4608659
.956291
.1462241
1.695751E-2
.8484892
.2710968
5.386058E-2
.6586743
.6399888
.7936828
.5956192
.6772158
.4182556
6.096243E-2
.7981733
.3361811
.2828653
